87
9
801 929 506 595 587 463 425 212 345 
811 837 817 1013 133 238 342 867 738 
1
804 
529 
7
737 978 368 180 575 141 515 
238 249 610 438 129 893 862 
4
390 530 756 747 
162 599 414 964 
3
236 967 718 
607 879 1001 
4
62 682 1011 159 
631 266 493 668 
1
339 
990 
10
412 403 750 586 95 597 456 416 243 534 
578 49 894 253 576 357 665 198 981 271 
6
256 172 323 537 888 167 
616 429 245 965 397 247 
9
841 257 738 216 537 797 808 364 100 
869 793 136 647 464 920 270 818 99 
2
586 198 
772 163 
10
514 398 145 325 479 33 156 796 696 444 
407 4 174 269 585 832 843 903 552 759 
4
694 356 45 582 
975 551 754 778 
8
796 729 839 54 814 940 500 3 
658 606 899 419 263 577 593 278 
4
633 576 704 563 
945 930 703 6 
5
346 636 103 863 573 
128 652 413 447 650 
10
403 971 478 225 469 1010 479 441 504 968 
224 875 513 139 824 195 542 6 148 901 
2
181 914 
429 1017 
6
907 1019 931 687 175 431 
96 813 600 402 871 589 
8
53 399 476 532 893 191 372 790 
863 422 345 733 1001 428 161 568 
2
296 664 
595 114 
7
866 720 165 381 994 537 683 
254 219 1013 260 880 341 602 
5
411 67 131 912 433 
354 65 314 828 356 
10
877 852 334 128 248 277 287 275 370 592 
434 458 567 129 485 31 173 513 763 857 
10
893 63 422 733 423 490 873 897 811 839 
213 246 741 21 443 662 593 301 928 928 
3
101 531 571 
984 947 318 
2
940 918 
698 536 
9
177 168 718 240 185 765 710 355 658 
797 933 67 437 428 595 623 213 672 
9
188 962 923 193 235 141 121 686 728 
1005 548 135 499 225 944 235 756 919 
2
783 459 
909 917 
9
982 246 1018 311 599 351 571 573 293 
914 779 976 418 699 760 534 492 201 
10
34 88 23 231 701 796 76 518 102 75 
640 358 663 519 160 77 74 754 19 664 
4
741 925 266 369 
997 132 484 632 
4
754 950 1008 866 
411 628 459 206 
3
716 722 203 
946 951 1001 
8
890 591 149 294 568 992 187 868 
939 577 939 412 50 613 92 369 
6
301 761 506 180 640 925 
883 602 670 604 819 876 
7
130 990 77 422 799 476 280 
570 707 10 900 856 134 175 
9
418 75 689 587 334 70 777 172 819 
444 628 835 35 778 875 502 636 745 
2
481 506 
240 509 
9
463 859 575 751 246 522 774 600 196 
717 378 266 448 734 373 201 692 431 
7
291 516 230 348 920 319 422 
267 766 756 785 623 548 711 
7
875 438 963 576 649 352 242 
104 52 54 43 458 40 84 
8
254 806 449 745 1016 236 154 291 
834 612 620 59 649 28 737 329 
9
246 927 105 815 289 877 853 422 327 
151 569 16 520 660 706 306 936 743 
6
71 516 323 335 580 203 
754 376 96 1002 376 381 
6
72 115 909 735 180 709 
277 782 796 757 400 186 
1
723 
927 
6
548 603 92 475 141 476 
235 308 167 858 595 415 
1
816 
908 
9
713 1017 474 857 811 433 857 296 25 
24 984 719 756 87 1002 614 516 486 
7
188 109 685 801 667 607 618 
627 845 398 338 926 94 482 
3
1013 676 623 
633 841 125 
3
200 698 344 
974 618 460 
9
687 848 446 243 398 1022 791 256 605 
747 385 626 307 294 474 640 761 575 
3
712 103 869 
526 404 303 
4
989 860 887 82 
877 396 909 97 
6
646 982 535 1013 747 264 
932 804 23 665 1012 617 
10
888 143 572 462 762 701 208 245 535 1005 
235 995 214 343 756 301 6 737 78 384 
5
319 228 740 712 863 
773 322 682 772 371 
6
197 177 950 445 18 712 
182 809 968 1011 905 502 
3
195 650 738 
898 151 171 
2
896 448 
268 884 
1
226 
204 
2
589 925 
799 695 
2
621 928 
157 406 
7
745 183 171 678 353 155 86 
476 86 52 361 844 332 962 
7
992 916 802 295 758 32 592 
618 777 917 810 877 397 674 
7
365 538 145 551 807 205 27 
732 71 1004 641 682 291 200 
2
795 681 
1000 932 
7
662 99 169 66 1002 654 766 
261 920 471 355 850 385 497 
4
2 419 818 351 
961 398 569 818 
1
536 
723 
4
1018 338 544 102 
506 187 1009 528 
1
947 
885 
4
977 562 789 140 
822 953 924 733 
5
649 667 723 593 788 
12 146 291 945 821 
2
614 147 
719 256 
9
1020 104 1021 35 686 774 840 789 163 
269 196 555 509 354 466 790 64 977 
6
404 959 172 201 54 340 
949 915 615 84 574 154 
2
194 143 
535 35 
9
648 121 601 82 904 692 570 565 397 
220 352 304 924 242 146 632 867 510 
10
618 541 349 5 125 182 605 232 886 815 
7 738 475 837 316 294 681 589 772 362 
7
611 290 563 961 707 236 596 
552 887 601 433 604 51 860 
5
247 637 368 116 126 
784 372 360 988 643 
2
770 271 
294 603 
6
34 557 973 538 603 528 
951 481 437 49 3 809 
