6 1 9 4 7 4 4 2 9 1 6 1 3 5 4 1 4 6 9 2 3 4 6 2 4 6 6 6 1 9 1 6 6 8 3 8 6 6 7 4 10 9 6 5 9 9 7 6 2 10 
3 2 8 8 2 9 5 9 6 5 9 3 3 10 4 1 7 1 3 5 1 3 5 5 8 7 9 4 5 1 2 9 10 1 3 2 8 1 4 3 9 10 5 4 1 4 8 4 6 5 
-------------------------------
1 3 6 6 8 9 9 1 1 7 8 1 3 3 4 4 6 9 4 5 6 6 7 9 1 1 2 2 4 6 6 10 2 9 4 6 4 4 6 7 9 2 4 6 6 6 10 5 6 9 
1 1 1 1 1 1 1 2 2 2 2 3 3 3 3 3 3 3 4 4 4 4 4 4 5 5 5 5 5 5 5 5 6 6 7 7 8 8 8 8 8 9 9 9 9 9 9 10 10 10 
-------------------------------
5 5 5 5 5 5 5 5 6 7 7 7 8 8 8 8 8 8 8 8 8 8 8 8 8 9 12 14 16 16 16 16 16 18 18 19 19 21 23 23 23 23 27 29 32 36 
-------------------------------
1 0 -5
2 0 -5
3 0 -5
4 0 -5
5 0 -5
6 0 -5
7 0 -5
8 1 -5
9 2 -5
10 2 -5
11 2 -5
12 4 -4
13 4 -4
14 4 -4
15 4 -4
16 4 -4
17 4 -4
18 4 -4
19 4 -4
20 4 -4
21 4 -4
22 4 -4
23 4 -4
24 4 -4
25 8 -1
26 12 0
27 15 1
28 18 2
29 19 3
30 19 3
31 19 3
32 19 3
33 23 5
34 23 5
35 26 7
36 27 8
37 31 10
38 35 12
39 37 14
40 38 15
41 38 15
42 45 18
43 50 21
44 53 21
45 56 20
21
1 7 3 5 9 10 8 7 1 4 8 6 6 2 8 5 5 2 10 1 2 6 8 8 9 9 4 2 10 7 4 8 1 1 10 4 6 4 4 2 6 6 9 
8 1 5 4 1 3 1 7 2 10 7 2 1 4 6 5 3 3 1 4 7 2 9 6 8 6 3 3 10 5 10 6 6 7 6 2 3 5 6 2 7 5 7 
-------------------------------
6 7 8 9 10 1 2 4 6 6 2 2 4 5 6 10 1 2 5 3 4 5 6 7 1 4 8 8 8 9 10 1 2 6 7 8 9 1 9 8 4 4 10 
1 1 1 1 1 2 2 2 2 2 3 3 3 3 3 3 4 4 4 5 5 5 5 5 6 6 6 6 6 6 6 7 7 7 7 7 7 8 8 9 10 10 10 
-------------------------------
4 4 4 4 4 4 4 4 4 4 4 4 4 4 4 4 4 5 5 5 5 5 5 5 5 8 8 8 8 8 8 8 11 15 16 17 17 17 25 26 
-------------------------------
1 0 -4
2 0 -4
3 0 -4
4 0 -4
5 0 -4
6 1 -3
7 1 -3
8 1 -3
9 1 -3
10 1 -3
11 2 -2
12 3 -1
13 3 -1
14 3 -1
15 3 -1
16 3 -1
17 6 1
18 8 3
19 8 3
20 10 5
21 11 6
22 11 6
23 11 6
24 11 6
25 16 8
26 18 10
27 18 10
28 18 10
29 18 10
30 18 10
31 18 10
32 24 13
33 29 14
34 30 14
35 30 13
36 30 13
37 30 13
38 37 12
39 37 11
14
