2 1000 100000000
3 1000 200000000
4 1000 300000000
5 1000 400000000
6 1000 500000000
7 1000 600000000
8 1000 700000000
9 1000 800000000
10 1000 900000000
11 1000 1000000000
12 1000 1100000000
13 1000 1200000000
14 1000 1300000000
15 1000 1400000000
16 1000 1500000000
17 1000 1600000000
18 1000 1700000000
19 1000 1800000000
20 1000 1900000000
21 1000 2000000000
22 1000 2100000000
23 1000 2200000000
24 1000 2300000000
25 1000 2400000000
26 1000 2500000000
27 1000 2600000000
28 1000 2700000000
29 1000 2800000000
30 1000 2900000000
31 1000 3000000000
32 1000 3100000000
33 1000 3200000000
34 1000 3300000000
35 1000 3400000000
36 1000 3500000000
37 1000 3600000000
38 1000 3700000000
39 1000 3800000000
40 1000 3900000000
41 1000 4000000000
42 1000 4100000000
43 1000 4200000000
44 1000 4300000000
45 1000 4400000000
46 1000 4500000000
47 1000 4600000000
48 1000 4700000000
49 1000 4800000000
50 1000 4900000000
51 1000 5000000000
52 1000 5100000000
53 1000 5200000000
54 1000 5300000000
55 1000 5400000000
56 1000 5500000000
57 1000 5600000000
58 1000 5700000000
59 1000 5800000000
60 1000 5900000000
61 1000 6000000000
62 1000 6100000000
63 1000 6200000000
64 1000 6300000000
65 1000 6400000000
66 1000 6500000000
67 1000 6600000000
68 1000 6700000000
69 1000 6800000000
70 1000 6900000000
71 1000 7000000000
72 1000 7100000000
73 1000 7200000000
74 1000 7300000000
75 1000 7400000000
76 1000 7500000000
77 1000 7600000000
78 1000 7700000000
79 1000 7800000000
80 1000 7900000000
81 1000 8000000000
82 1000 8100000000
83 1000 8200000000
84 1000 8300000000
85 1000 8400000000
86 1000 8500000000
87 1000 8600000000
88 1000 8700000000
89 1000 8800000000
90 1000 8900000000
91 1000 9000000000
92 1000 9100000000
93 1000 9200000000
94 1000 9300000000
95 1000 9400000000
96 1000 9500000000
97 1000 9600000000
98 1000 9700000000
99 1000 9800000000
100 1000 9900000000
101 1000 10000000000
102 1000 10100000000
103 1000 10200000000
104 1000 10300000000
105 1000 10400000000
106 1000 10500000000
107 1000 10600000000
108 1000 10700000000
109 1000 10800000000
110 1000 10900000000
111 1000 11000000000
112 1000 11100000000
113 1000 11200000000
114 1000 11300000000
115 1000 11400000000
116 1000 11500000000
117 1000 11600000000
118 1000 11700000000
119 1000 11800000000
120 1000 11900000000
121 1000 12000000000
122 1000 12100000000
123 1000 12200000000
124 1000 12300000000
125 1000 12400000000
126 1000 12500000000
127 1000 12600000000
128 1000 12700000000
129 1000 12800000000
130 1000 12900000000
131 1000 13000000000
132 1000 13100000000
133 1000 13200000000
134 1000 13300000000
135 1000 13400000000
136 1000 13500000000
137 1000 13600000000
138 1000 13700000000
139 1000 13800000000
140 1000 13900000000
141 1000 14000000000
142 1000 14100000000
143 1000 14200000000
144 1000 14300000000
145 1000 14400000000
146 1000 14500000000
147 1000 14600000000
148 1000 14700000000
149 1000 14800000000
150 1000 14900000000
151 1000 15000000000
152 1000 15100000000
153 1000 15200000000
154 1000 15300000000
155 1000 15400000000
156 1000 15500000000
157 1000 15600000000
158 1000 15700000000
159 1000 15800000000
160 1000 15900000000
161 1000 16000000000
162 1000 16100000000
163 1000 16200000000
164 1000 16300000000
165 1000 16400000000
166 1000 16500000000
167 1000 16600000000
168 1000 16700000000
169 1000 16800000000
170 1000 16900000000
171 1000 17000000000
172 1000 17100000000
173 1000 17200000000
174 1000 17300000000
175 1000 17400000000
176 1000 17500000000
177 1000 17600000000
178 1000 17700000000
179 1000 17800000000
180 1000 17900000000
181 1000 18000000000
182 1000 18100000000
183 1000 18200000000
184 1000 18300000000
185 1000 18400000000
186 1000 18500000000
187 1000 18600000000
188 1000 18700000000
189 1000 18800000000
190 1000 18900000000
191 1000 19000000000
192 1000 19100000000
193 1000 19200000000
194 1000 19300000000
195 1000 19400000000
196 1000 19500000000
197 1000 19600000000
198 1000 19700000000
199 1000 19800000000
200 1000 19900000000
201 1000 20000000000
202 1000 20100000000
203 1000 20200000000
204 1000 20300000000
205 1000 20400000000
206 1000 20500000000
207 1000 20600000000
208 1000 20700000000
209 1000 20800000000
210 1000 20900000000
211 1000 21000000000
212 1000 21100000000
213 1000 21200000000
214 1000 21300000000
215 1000 21400000000
216 1000 21500000000
217 1000 21600000000
218 1000 21700000000
219 1000 21800000000
220 1000 21900000000
221 1000 22000000000
222 1000 22100000000
223 1000 22200000000
224 1000 22300000000
225 1000 22400000000
226 1000 22500000000
227 1000 22600000000
228 1000 22700000000
229 1000 22800000000
230 1000 22900000000
231 1000 23000000000
232 1000 23100000000
233 1000 23200000000
234 1000 23300000000
235 1000 23400000000
236 1000 23500000000
237 1000 23600000000
238 1000 23700000000
239 1000 23800000000
240 1000 23900000000
241 1000 24000000000
242 1000 24100000000
243 1000 24200000000
244 1000 24300000000
245 1000 24400000000
246 1000 24500000000
247 1000 24600000000
248 1000 24700000000
249 1000 24800000000
250 1000 24900000000
251 1000 25000000000
252 1000 25100000000
253 1000 25200000000
254 1000 25300000000
255 1000 25400000000
256 1000 25500000000
257 1000 25600000000
258 1000 25700000000
259 1000 25800000000
260 1000 25900000000
261 1000 26000000000
262 1000 26100000000
263 1000 26200000000
264 1000 26300000000
265 1000 26400000000
266 1000 26500000000
267 1000 26600000000
268 1000 26700000000
269 1000 26800000000
270 1000 26900000000
271 1000 27000000000
272 1000 27100000000
273 1000 27200000000
274 1000 27300000000
275 1000 27400000000
276 1000 27500000000
277 1000 27600000000
278 1000 27700000000
279 1000 27800000000
280 1000 27900000000
281 1000 28000000000
282 1000 28100000000
283 1000 28200000000
284 1000 28300000000
285 1000 28400000000
286 1000 28500000000
287 1000 28600000000
288 1000 28700000000
289 1000 28800000000
290 1000 28900000000
291 1000 29000000000
292 1000 29100000000
293 1000 29200000000
294 1000 29300000000
295 1000 29400000000
296 1000 29500000000
297 1000 29600000000
298 1000 29700000000
299 1000 29800000000
300 1000 29900000000
301 1000 30000000000
302 1000 30100000000
303 1000 30200000000
304 1000 30300000000
305 1000 30400000000
306 1000 30500000000
307 1000 30600000000
308 1000 30700000000
309 1000 30800000000
310 1000 30900000000
311 1000 31000000000
312 1000 31100000000
313 1000 31200000000
314 1000 31300000000
315 1000 31400000000
316 1000 31500000000
317 1000 31600000000
318 1000 31700000000
319 1000 31800000000
320 1000 31900000000
321 1000 32000000000
322 1000 32100000000
323 1000 32200000000
324 1000 32300000000
325 1000 32400000000
326 1000 32500000000
327 1000 32600000000
328 1000 32700000000
329 1000 32800000000
330 1000 32900000000
331 1000 33000000000
332 1000 33100000000
333 1000 33200000000
334 1000 33300000000
335 1000 33400000000
336 1000 33500000000
337 1000 33600000000
338 1000 33700000000
339 1000 33800000000
340 1000 33900000000
341 1000 34000000000
342 1000 34100000000
343 1000 34200000000
344 1000 34300000000
345 1000 34400000000
346 1000 34500000000
347 1000 34600000000
348 1000 34700000000
349 1000 34800000000
350 1000 34900000000
351 1000 35000000000
352 1000 35100000000
353 1000 35200000000
354 1000 35300000000
355 1000 35400000000
356 1000 35500000000
357 1000 35600000000
358 1000 35700000000
359 1000 35800000000
360 1000 35900000000
361 1000 36000000000
362 1000 36100000000
363 1000 36200000000
364 1000 36300000000
365 1000 36400000000
366 1000 36500000000
367 1000 36600000000
368 1000 36700000000
369 1000 36800000000
370 1000 36900000000
371 1000 37000000000
372 1000 37100000000
373 1000 37200000000
374 1000 37300000000
375 1000 37400000000
376 1000 37500000000
377 1000 37600000000
378 1000 37700000000
379 1000 37800000000
380 1000 37900000000
381 1000 38000000000
382 1000 38100000000
383 1000 38200000000
384 1000 38300000000
385 1000 38400000000
386 1000 38500000000
387 1000 38600000000
388 1000 38700000000
389 1000 38800000000
390 1000 38900000000
391 1000 39000000000
392 1000 39100000000
393 1000 39200000000
394 1000 39300000000
395 1000 39400000000
396 1000 39500000000
397 1000 39600000000
398 1000 39700000000
399 1000 39800000000
400 1000 39900000000
401 1000 40000000000
402 1000 40100000000
403 1000 40200000000
404 1000 40300000000
405 1000 40400000000
406 1000 40500000000
407 1000 40600000000
408 1000 40700000000
409 1000 40800000000
410 1000 40900000000
411 1000 41000000000
412 1000 41100000000
413 1000 41200000000
414 1000 41300000000
415 1000 41400000000
416 1000 41500000000
417 1000 41600000000
418 1000 41700000000
419 1000 41800000000
420 1000 41900000000
421 1000 42000000000
422 1000 42100000000
423 1000 42200000000
424 1000 42300000000
425 1000 42400000000
426 1000 42500000000
427 1000 42600000000
428 1000 42700000000
429 1000 42800000000
430 1000 42900000000
431 1000 43000000000
432 1000 43100000000
433 1000 43200000000
434 1000 43300000000
435 1000 43400000000
436 1000 43500000000
437 1000 43600000000
438 1000 43700000000
439 1000 43800000000
440 1000 43900000000
441 1000 44000000000
442 1000 44100000000
443 1000 44200000000
444 1000 44300000000
445 1000 44400000000
446 1000 44500000000
447 1000 44600000000
448 1000 44700000000
449 1000 44800000000
450 1000 44900000000
451 1000 45000000000
452 1000 45100000000
453 1000 45200000000
454 1000 45300000000
455 1000 45400000000
456 1000 45500000000
457 1000 45600000000
458 1000 45700000000
459 1000 45800000000
460 1000 45900000000
461 1000 46000000000
462 1000 46100000000
463 1000 46200000000
464 1000 46300000000
465 1000 46400000000
466 1000 46500000000
467 1000 46600000000
468 1000 46700000000
469 1000 46800000000
470 1000 46900000000
471 1000 47000000000
472 1000 47100000000
473 1000 47200000000
474 1000 47300000000
475 1000 47400000000
476 1000 47500000000
477 1000 47600000000
478 1000 47700000000
479 1000 47800000000
480 1000 47900000000
481 1000 48000000000
482 1000 48100000000
483 1000 48200000000
484 1000 48300000000
485 1000 48400000000
486 1000 48500000000
487 1000 48600000000
488 1000 48700000000
489 1000 48800000000
490 1000 48900000000
491 1000 49000000000
492 1000 49100000000
493 1000 49200000000
494 1000 49300000000
495 1000 49400000000
496 1000 49500000000
497 1000 49600000000
498 1000 49700000000
499 1000 49800000000
500 1000 49900000000
501 1000 50000000000
502 1000 50100000000
503 1000 50200000000
504 1000 50300000000
505 1000 50400000000
506 1000 50500000000
507 1000 50600000000
508 1000 50700000000
509 1000 50800000000
510 1000 50900000000
511 1000 51000000000
512 1000 51100000000
513 1000 51200000000
514 1000 51300000000
515 1000 51400000000
516 1000 51500000000
517 1000 51600000000
518 1000 51700000000
519 1000 51800000000
520 1000 51900000000
521 1000 52000000000
522 1000 52100000000
523 1000 52200000000
524 1000 52300000000
525 1000 52400000000
526 1000 52500000000
527 1000 52600000000
528 1000 52700000000
529 1000 52800000000
530 1000 52900000000
531 1000 53000000000
532 1000 53100000000
533 1000 53200000000
534 1000 53300000000
535 1000 53400000000
536 1000 53500000000
537 1000 53600000000
538 1000 53700000000
539 1000 53800000000
540 1000 53900000000
541 1000 54000000000
542 1000 54100000000
543 1000 54200000000
544 1000 54300000000
545 1000 54400000000
546 1000 54500000000
547 1000 54600000000
548 1000 54700000000
549 1000 54800000000
550 1000 54900000000
551 1000 55000000000
552 1000 55100000000
553 1000 55200000000
554 1000 55300000000
555 1000 55400000000
556 1000 55500000000
557 1000 55600000000
558 1000 55700000000
559 1000 55800000000
560 1000 55900000000
561 1000 56000000000
562 1000 56100000000
563 1000 56200000000
564 1000 56300000000
565 1000 56400000000
566 1000 56500000000
567 1000 56600000000
568 1000 56700000000
569 1000 56800000000
570 1000 56900000000
571 1000 57000000000
572 1000 57100000000
573 1000 57200000000
574 1000 57300000000
575 1000 57400000000
576 1000 57500000000
577 1000 57600000000
578 1000 57700000000
579 1000 57800000000
580 1000 57900000000
581 1000 58000000000
582 1000 58100000000
583 1000 58200000000
584 1000 58300000000
585 1000 58400000000
586 1000 58500000000
587 1000 58600000000
588 1000 58700000000
589 1000 58800000000
590 1000 58900000000
591 1000 59000000000
592 1000 59100000000
593 1000 59200000000
594 1000 59300000000
595 1000 59400000000
596 1000 59500000000
597 1000 59600000000
598 1000 59700000000
599 1000 59800000000
600 1000 59900000000
601 1000 60000000000
602 1000 60100000000
603 1000 60200000000
604 1000 60300000000
605 1000 60400000000
606 1000 60500000000
607 1000 60600000000
608 1000 60700000000
609 1000 60800000000
610 1000 60900000000
611 1000 61000000000
612 1000 61100000000
613 1000 61200000000
614 1000 61300000000
615 1000 61400000000
616 1000 61500000000
617 1000 61600000000
618 1000 61700000000
619 1000 61800000000
620 1000 61900000000
621 1000 62000000000
622 1000 62100000000
623 1000 62200000000
624 1000 62300000000
625 1000 62400000000
626 1000 62500000000
627 1000 62600000000
628 1000 62700000000
629 1000 62800000000
630 1000 62900000000
631 1000 63000000000
632 1000 63100000000
633 1000 63200000000
634 1000 63300000000
635 1000 63400000000
636 1000 63500000000
637 1000 63600000000
638 1000 63700000000
639 1000 63800000000
640 1000 63900000000
641 1000 64000000000
642 1000 64100000000
643 1000 64200000000
644 1000 64300000000
645 1000 64400000000
646 1000 64500000000
647 1000 64600000000
648 1000 64700000000
649 1000 64800000000
650 1000 64900000000
651 1000 65000000000
652 1000 65100000000
653 1000 65200000000
654 1000 65300000000
655 1000 65400000000
656 1000 65500000000
657 1000 65600000000
658 1000 65700000000
659 1000 65800000000
660 1000 65900000000
661 1000 66000000000
662 1000 66100000000
663 1000 66200000000
664 1000 66300000000
665 1000 66400000000
666 1000 66500000000
667 1000 66600000000
668 1000 66700000000
669 1000 66800000000
670 1000 66900000000
671 1000 67000000000
672 1000 67100000000
673 1000 67200000000
674 1000 67300000000
675 1000 67400000000
676 1000 67500000000
677 1000 67600000000
678 1000 67700000000
679 1000 67800000000
680 1000 67900000000
681 1000 68000000000
682 1000 68100000000
683 1000 68200000000
684 1000 68300000000
685 1000 68400000000
686 1000 68500000000
687 1000 68600000000
688 1000 68700000000
689 1000 68800000000
690 1000 68900000000
691 1000 69000000000
692 1000 69100000000
693 1000 69200000000
694 1000 69300000000
695 1000 69400000000
696 1000 69500000000
697 1000 69600000000
698 1000 69700000000
699 1000 69800000000
700 1000 69900000000
701 1000 70000000000
702 1000 70100000000
703 1000 70200000000
704 1000 70300000000
705 1000 70400000000
706 1000 70500000000
707 1000 70600000000
708 1000 70700000000
709 1000 70800000000
710 1000 70900000000
711 1000 71000000000
712 1000 71100000000
713 1000 71200000000
714 1000 71300000000
715 1000 71400000000
716 1000 71500000000
717 1000 71600000000
718 1000 71700000000
719 1000 71800000000
720 1000 71900000000
721 1000 72000000000
722 1000 72100000000
723 1000 72200000000
724 1000 72300000000
725 1000 72400000000
726 1000 72500000000
727 1000 72600000000
728 1000 72700000000
729 1000 72800000000
730 1000 72900000000
731 1000 73000000000
732 1000 73100000000
733 1000 73200000000
734 1000 73300000000
735 1000 73400000000
736 1000 73500000000
737 1000 73600000000
738 1000 73700000000
739 1000 73800000000
740 1000 73900000000
741 1000 74000000000
742 1000 74100000000
743 1000 74200000000
744 1000 74300000000
745 1000 74400000000
746 1000 74500000000
747 1000 74600000000
748 1000 74700000000
749 1000 74800000000
750 1000 74900000000
751 1000 75000000000
752 1000 75100000000
753 1000 75200000000
754 1000 75300000000
755 1000 75400000000
756 1000 75500000000
757 1000 75600000000
758 1000 75700000000
759 1000 75800000000
760 1000 75900000000
761 1000 76000000000
762 1000 76100000000
763 1000 76200000000
764 1000 76300000000
765 1000 76400000000
766 1000 76500000000
767 1000 76600000000
768 1000 76700000000
769 1000 76800000000
770 1000 76900000000
771 1000 77000000000
772 1000 77100000000
773 1000 77200000000
774 1000 77300000000
775 1000 77400000000
776 1000 77500000000
777 1000 77600000000
778 1000 77700000000
779 1000 77800000000
780 1000 77900000000
781 1000 78000000000
782 1000 78100000000
783 1000 78200000000
784 1000 78300000000
785 1000 78400000000
786 1000 78500000000
787 1000 78600000000
788 1000 78700000000
789 1000 78800000000
790 1000 78900000000
791 1000 79000000000
792 1000 79100000000
793 1000 79200000000
794 1000 79300000000
795 1000 79400000000
796 1000 79500000000
797 1000 79600000000
798 1000 79700000000
799 1000 79800000000
800 1000 79900000000
801 1000 80000000000
802 1000 80100000000
803 1000 80200000000
804 1000 80300000000
805 1000 80400000000
806 1000 80500000000
807 1000 80600000000
808 1000 80700000000
809 1000 80800000000
810 1000 80900000000
811 1000 81000000000
812 1000 81100000000
813 1000 81200000000
814 1000 81300000000
815 1000 81400000000
816 1000 81500000000
817 1000 81600000000
818 1000 81700000000
819 1000 81800000000
820 1000 81900000000
821 1000 82000000000
822 1000 82100000000
823 1000 82200000000
824 1000 82300000000
825 1000 82400000000
826 1000 82500000000
827 1000 82600000000
828 1000 82700000000
829 1000 82800000000
830 1000 82900000000
831 1000 83000000000
832 1000 83100000000
833 1000 83200000000
834 1000 83300000000
835 1000 83400000000
836 1000 83500000000
837 1000 83600000000
838 1000 83700000000
839 1000 83800000000
840 1000 83900000000
841 1000 84000000000
842 1000 84100000000
843 1000 84200000000
844 1000 84300000000
845 1000 84400000000
846 1000 84500000000
847 1000 84600000000
848 1000 84700000000
849 1000 84800000000
850 1000 84900000000
851 1000 85000000000
852 1000 85100000000
853 1000 85200000000
854 1000 85300000000
855 1000 85400000000
856 1000 85500000000
857 1000 85600000000
858 1000 85700000000
859 1000 85800000000
860 1000 85900000000
861 1000 86000000000
862 1000 86100000000
863 1000 86200000000
864 1000 86300000000
865 1000 86400000000
866 1000 86500000000
867 1000 86600000000
868 1000 86700000000
869 1000 86800000000
870 1000 86900000000
871 1000 87000000000
872 1000 87100000000
873 1000 87200000000
874 1000 87300000000
875 1000 87400000000
876 1000 87500000000
877 1000 87600000000
878 1000 87700000000
879 1000 87800000000
880 1000 87900000000
881 1000 88000000000
882 1000 88100000000
883 1000 88200000000
884 1000 88300000000
885 1000 88400000000
886 1000 88500000000
887 1000 88600000000
888 1000 88700000000
889 1000 88800000000
890 1000 88900000000
891 1000 89000000000
892 1000 89100000000
893 1000 89200000000
894 1000 89300000000
895 1000 89400000000
896 1000 89500000000
897 1000 89600000000
898 1000 89700000000
899 1000 89800000000
900 1000 89900000000
901 1000 90000000000
902 1000 90100000000
903 1000 90200000000
904 1000 90300000000
905 1000 90400000000
906 1000 90500000000
907 1000 90600000000
908 1000 90700000000
909 1000 90800000000
910 1000 90900000000
911 1000 91000000000
912 1000 91100000000
913 1000 91200000000
914 1000 91300000000
915 1000 91400000000
916 1000 91500000000
917 1000 91600000000
918 1000 91700000000
919 1000 91800000000
920 1000 91900000000
921 1000 92000000000
922 1000 92100000000
923 1000 92200000000
924 1000 92300000000
925 1000 92400000000
926 1000 92500000000
927 1000 92600000000
928 1000 92700000000
929 1000 92800000000
930 1000 92900000000
931 1000 93000000000
932 1000 93100000000
933 1000 93200000000
934 1000 93300000000
935 1000 93400000000
936 1000 93500000000
937 1000 93600000000
938 1000 93700000000
939 1000 93800000000
940 1000 93900000000
941 1000 94000000000
942 1000 94100000000
943 1000 94200000000
944 1000 94300000000
945 1000 94400000000
946 1000 94500000000
947 1000 94600000000
948 1000 94700000000
949 1000 94800000000
950 1000 94900000000
951 1000 95000000000
952 1000 95100000000
953 1000 95200000000
954 1000 95300000000
955 1000 95400000000
956 1000 95500000000
957 1000 95600000000
958 1000 95700000000
959 1000 95800000000
960 1000 95900000000
961 1000 96000000000
962 1000 96100000000
963 1000 96200000000
964 1000 96300000000
965 1000 96400000000
966 1000 96500000000
967 1000 96600000000
968 1000 96700000000
969 1000 96800000000
970 1000 96900000000
971 1000 97000000000
972 1000 97100000000
973 1000 97200000000
974 1000 97300000000
975 1000 97400000000
976 1000 97500000000
977 1000 97600000000
978 1000 97700000000
979 1000 97800000000
980 1000 97900000000
981 1000 98000000000
982 1000 98100000000
983 1000 98200000000
984 1000 98300000000
985 1000 98400000000
986 1000 98500000000
987 1000 98600000000
988 1000 98700000000
989 1000 98800000000
990 1000 98900000000
991 1000 99000000000
992 1000 99100000000
993 1000 99200000000
994 1000 99300000000
995 1000 99400000000
996 1000 99500000000
997 1000 99600000000
998 1000 99700000000
999 1000 99800000000
1000 1000 99900000000
99900000000
